-0.0052388413,-1.1746762,-6.4776516,0.21935463,2.1497915,-8.746598,3.3587933,3.2896032,-5.4487896,-0.58839333,-6.9745083,-8.11106,1.3356098,-4.885903,3.2857273,-8.401403,-4.9867973,5.4140096,-3.1890821,-4.0995417
-0.9122742,1.0339979,0.33459923,0.23323289,1.6343955,-0.34067017,-1.2305893,-1.4760725,-0.99452037,2.559255,-0.970521,-1.6698301,-1.9172933,-2.2857163,-1.5861524,-0.8177875,-1.1955256,-1.6162198,-2.2895668,-2.1142392
-0.87226164,1.345572,-0.7600887,-2.7057333,3.2267869,1.1216996,1.9384764,-1.7443787,3.4025939,-1.6505704,-0.86043745,-3.901597,-2.657256,-5.945387,-4.7785106,-0.21413602,-0.7148441,-2.732875,-4.6418204,-3.8806612
0.03255517,0.017037783,-4.1322074,-11.547351,-7.0522647,-5.743867,-6.085695,-7.5243735,-9.200645,-9.87979,-7.377973,-8.62757,-8.172013,-4.2296,-7.6313505,2.908627,1.8810507,2.9158757,4.9613237,4.2642784
-0.8993658,0.8337056,0.9872789,2.4268978,-0.44158837,-0.6228257,-0.4867983,-0.9960311,-1.064441,-0.6520841,-0.9413094,-1.2739633,-1.0165673,-1.0287713,-1.1817074,-0.87487787,-1.099437,-0.9620264,-1.1506307,-0.8617468
-0.8079062,0.7969805,0.7786957,0.25033495,-0.2983318,-0.6075565,-0.13286522,-0.9841244,-1.1881311,-0.44670185,-0.9996802,-1.3077655,-1.3050665,-0.8835787,-0.9032088,0.67358816,-1.0083952,-1.108463,-1.136639,-1.1287915
-0.911356,0.94884413,0.50137,1.3476448,-0.4048205,-0.69625276,0.021114552,-1.0132082,-1.1746931,-0.87815475,-0.9800581,-1.3701568,-1.138683,-1.1184392,-1.287241,1.4650362,-1.0699809,-1.2519319,-1.3132135,-1.3516641
-1.2549999,1.4544023,-0.3302685,2.0619707,-5.4605503,1.46515,-4.36333,-5.394201,-5.908811,-0.47609746,2.4456341,-5.62228,-2.9703119,2.0565,0.07008083,-0.35724545,-2.7476292,-6.195018,2.582654,-5.5016065
-0.9124221,0.86841655,0.82990587,0.823205,-0.20446219,-0.604133,-0.28501755,-0.9692357,-1.0208602,-0.77507573,-0.9580498,-1.3672404,-1.0143197,-1.064218,-1.0381807,-0.47550148,-1.1056715,-0.9761376,-1.1431823,-1.0034266
-0.3896453,0.9022436,0.94271386,-0.91669387,-0.19332924,-0.61568975,-0.27972516,-0.71461153,-0.96278656,-0.6667718,-0.87008965,-1.1826885,-0.5651936,-0.9080175,-0.8522531,-0.44394413,-0.820543,-0.859417,-0.87364024,-0.8086434
-0.11405027,0.57976735,1.0527879,-0.40005383,-0.46002573,-0.61311007,-0.38840598,-0.8223039,-0.98041034,-0.512949,-0.700815,-0.9775028,-0.644922,-0.82248324,-0.76368093,-0.7604861,-0.88267773,-0.9319746,-0.7591283,-0.8901197
-0.8594406,0.8258384,0.77194554,0.09248635,-0.48363578,-0.58294016,-0.091275774,-0.9583454,-0.99674183,-0.62994766,-0.8769655,-1.3411968,-0.861731,-1.0106255,-0.955203,-0.34115973,-0.87288886,-1.1333858,-1.1023874,-0.9610183
-0.37022632,0.7863873,0.8755787,-1.0518216,-0.07949979,-0.60237163,1.3909136,-0.94404286,-0.96377033,-0.71994996,-0.6128077,-1.3270612,-1.1929579,-0.9919099,-0.81933963,-0.44477528,-0.9211658,-0.97614557,-0.92981625,-0.9864023
-0.12600763,-0.06815568,3.262925,-1.2647294,2.3906121,-1.8627089,-3.7537003,0.6572924,-5.0401225,1.4277875,-3.9315534,3.0259194,-0.36795634,-2.785697,-1.0075977,-4.292096,1.6878525,-2.7660148,1.2817525,-4.154964
0.11645674,0.67616946,-1.1149505,-0.49978352,-0.60596395,-0.6408606,-0.32540345,-0.82512146,-0.8609194,-0.5669843,-0.49016443,-0.9069815,-0.80787116,-0.7978566,-0.65588063,-0.16058017,-0.73955035,-0.8358341,-0.84213054,-1.5356845
-0.9115143,0.829081,0.9342664,1.6760148,-0.34632432,-0.6836758,-0.2722388,-0.89609647,-0.924184,-0.6178913,-0.94164354,-1.2555121,-1.1426682,-1.1018307,-0.9866824,-0.71836525,-0.99019915,-1.1704236,-1.2206817,-0.99426943
1.4402964,-2.9090614,0.3388057,-2.7960713,-0.37663424,-3.6992319,-1.2504449,4.209377,-1.4258422,4.1107326,4.056725,-2.396524,-4.0307145,-5.274424,-7.60103,4.4044995,-3.4862487,0.4802989,-2.5123384,-4.389471
-1.8151089,1.5445416,3.7227042,4.683901,3.821579,4.440903,-1.0244466,-5.1996675,-5.4865427,-8.507,-4.36137,0.14583181,0.8049198,-3.944593,-6.699575,-1.5211565,-5.2191963,-9.281871,-8.316633,-3.1725695
0.044582408,-2.0956202,-4.363329,-6.031834,-3.0060892,1.8008984,-4.9415736,1.1648959,5.182218,-1.8499408,-8.630422,1.8489187,1.4783162,2.899427,-1.2647177,1.140282,-5.761853,-6.956989,-6.0693784,3.5189347
-0.9133583,0.78246725,1.0824445,0.4335062,-0.1745639,-0.57682586,-0.023975069,-0.9296218,-0.97795963,-0.811412,-0.9825756,-1.2818797,-1.052308,-1.1196214,-1.0456682,-0.25569078,-0.91823643,-1.0671549,-1.1152549,-1.0373127
-1.2539412,0.51325345,2.504819,-1.8322107,-5.9773216,-4.110903,3.791841,-3.2611437,-1.9978635,3.7427187,-3.3234518,-5.0346336,2.707495,4.378775,-3.7734218,-2.2672703,3.9155784,-7.332165,-0.114482276,-4.5557456
-0.90017045,0.86996543,0.8656328,0.175038,-0.5872368,-0.3298431,-0.084607944,-0.90341145,-1.1287128,-0.65899163,-0.8851023,-1.4095072,-1.1078882,-1.0910149,-1.0127445,-0.4205788,-0.9635805,-1.217161,-1.1886986,-0.95986027
-0.86553514,0.8805556,0.8433152,0.260907,-0.31570408,-0.56813717,-0.04203482,-0.9450872,-1.050384,-0.5767842,-0.9979616,-1.3303792,-1.1676031,-0.9253467,-0.98299384,-0.21206313,-0.9811913,-1.1530169,-1.1600221,-1.0626843
-0.15217742,0.88312536,-0.6345969,-0.4828069,-0.41644555,-0.5795917,-0.37686595,-0.840111,-0.8314277,-0.6682023,-0.7533821,-1.0102688,-0.71152306,-0.68393195,-0.48904997,-0.6323537,-0.7640222,-0.8739353,-0.86640704,-0.79699117
-0.8409556,0.92411566,0.80127496,0.32713985,-0.46981615,-0.5141129,-0.055477176,-1.0279905,-1.0912287,-0.66836786,-0.9101783,-1.3910005,-1.3425845,-1.2479359,-1.0187585,1.0399125,-1.0542849,-1.1939707,-1.1432136,-1.1383165
-0.92019296,0.9437658,0.7109867,1.4145583,-1.1131029,-0.6599696,1.7813447,-1.3694574,-1.0809946,-0.888113,-0.94428074,-1.4007301,-1.7435099,-1.2605608,-1.4118751,-0.7433018,-1.2134829,-1.4463215,-1.4049095,-1.2668679
1.5002925,-2.3343458,-0.42702895,-2.2225718,-4.3186784,-1.3598683,0.55245775,-7.706416,-3.3983803,-0.1662064,0.0995172,3.6721904,-5.378997,-3.529414,3.881614,-5.565912,3.5822835,-3.516854,-3.8215818,1.118542
-0.8311448,0.9120085,0.77032447,0.28313628,-0.5323135,-0.66027284,-0.5243548,-0.9258851,-1.0569866,-0.7968298,-0.99797887,-1.2705156,-1.1276149,-1.1151006,-1.0783262,-0.05607944,-1.0395136,-1.1211474,-1.1220862,-1.063343
-0.3614448,0.8576736,0.870807,-0.40099624,-0.5456052,-0.8437936,-0.2596903,-0.8663853,-0.8200148,-0.43360087,-0.7424161,-1.1369925,-0.74306667,-0.8321766,-0.64388436,-0.30146602,-0.9060372,-0.9324584,-0.8934855,-0.8181322
-0.88933307,0.8696131,0.8494013,0.65754277,-0.46342134,-0.5623074,-0.0060371608,-0.93352985,-1.1527555,-0.80836916,-1.0942719,-1.2364424,-1.0727677,-1.0386804,-1.0328531,-0.4890065,-0.96398705,-0.98748934,-1.1216798,-1.1093446
-0.8518933,0.8269107,0.876307,0.40006807,-0.367546,-0.47164464,-0.121244006,-0.8785342,-1.0547018,-0.6468048,-0.98741424,-1.29931,-1.1540418,-0.83185244,-0.9785114,-0.4667108,-1.0799524,-1.0594916,-1.1442422,-0.8607345
-0.4585597,0.77807486,1.9811875,-2.6723723,0.53943825,-1.6605499,0.97483,-0.6688389,-1.0019906,1.3481252,-0.9718672,-2.3068035,-3.6705694,-1.0299947,-0.904096,-0.47666463,0.7310466,-1.3392969,-0.75749695,-1.3914893
1.08865,0.17948705,-2.0609386,-0.62837124,-1.2527732,-1.0212119,-0.6598568,-0.39455235,-1.2982599,-1.7931812,-1.0321538,-2.3142815,-2.8168356,2.123518,-3.7628899,-3.606332,-0.15993576,-3.0564723,-2.7239907,-2.809824
-0.91061777,0.840551,0.8548079,0.49213126,-0.22133791,-0.48365653,-0.3195342,-1.0252911,-1.1892492,-0.72208434,-1.0401661,-1.4170606,-1.0839392,-1.0276227,-0.9472743,-0.5409729,-0.96375096,-1.0257558,-1.132843,-0.99396604
0.25403044,0.13102801,1.0387706,-0.5067221,-0.6496504,-0.6813142,-0.22837089,-0.79783195,-0.89191496,-0.6320299,-0.7063513,-1.2623283,-0.8915367,-0.883405,-1.0066649,-1.5266659,-1.3102915,-1.2159326,-0.993607,-0.31396735
-0.8789882,0.88189894,0.87306833,0.333282,-0.4542529,-0.41871578,-0.0699703,-1.0108875,-1.0112095,-0.6642576,-0.9754306,-1.3579879,-1.162618,-1.0439905,-0.9909699,-0.2042304,-1.0311153,-1.0594757,-1.1408138,-1.0309776
-0.7795859,0.79018617,0.8671976,3.250265,0.20096599,-1.2154641,0.37840843,-0.74527895,-0.9417452,-0.6908986,-0.87415403,-1.6486981,-1.1723372,-1.3854384,-1.0904818,-0.62092394,-1.0144674,-1.3735194,-1.1905717,-1.2421933
-0.5487606,1.2556378,0.45528692,-1.6612989,-0.63043004,-1.477074,-2.1710112,-0.7232005,-0.9410599,-0.107014775,-0.45226973,-1.4235512,-2.5557046,-1.3103045,-0.8940566,0.76052475,-0.9349827,-1.0771221,-1.1645731,-1.2380099
-0.8623004,0.82606137,1.0311521,0.52467793,-0.2861377,-0.53152114,-0.33686924,-0.9504266,-1.0264713,-0.6545658,-1.0092136,-1.2789956,-0.98874336,-1.0053413,-0.9029236,-0.61440796,-1.061403,-1.1009978,-1.0985191,-0.979801
-0.71748585,0.98356533,0.36682832,0.69926053,-0.012997445,-0.83709216,0.7550769,-0.5178774,-1.0972167,-0.91670257,-0.8515141,-1.4238055,-1.3574041,-1.2762557,-0.93856597,-0.37414593,-0.9293723,-1.1931491,-1.2159407,-1.1338868
-0.9057544,0.9527729,0.49703988,-0.033894245,-0.56008804,-0.3535903,0.9359059,-1.3361717,-1.0689965,-0.5845189,-0.7518616,-1.4656703,-1.0868316,-1.03403,-1.1931586,1.2023689,-0.92348,-1.1450319,-1.3175911,-1.1897333
-0.8905621,0.7469517,1.0044309,0.9920512,-0.3528128,-0.3907026,-0.30229113,-0.8924316,-1.0801834,-0.5362727,-0.82044196,-1.3259615,-1.1183177,-1.0069667,-0.83757293,-0.6162947,-0.9932744,-1.0032829,-1.0637709,-0.9054036
-0.9117758,0.8662197,0.7669451,0.7352608,-0.5066305,-0.5528476,-0.4956241,-0.89472294,-1.1637477,-0.51708275,-0.90953594,-1.3964684,-1.0969031,-0.98182815,-1.0247982,0.16508013,-1.0457039,-1.0120227,-1.1344838,-1.0953637
-0.830995,0.89903486,0.83533096,0.27579454,-0.40387818,-0.5360703,-0.19734837,-0.8581588,-1.1269987,-0.56943446,-0.7422219,-1.2980245,-1.1381943,-0.95511556,-0.985083,-0.5288864,-1.026895,-1.014223,-0.96817166,-0.9675424
-0.89216286,0.8750765,0.73433334,0.40236577,-0.47411725,-0.520335,0.9719538,-1.1441092,-1.1433195,-0.7111561,-1.1149668,-1.2114359,-1.1333636,-1.090552,-1.0075614,-0.06278738,-0.9984116,-1.1778754,-1.1521307,-0.9558195
-0.035071023,0.3394261,1.4775676,-0.7636148,-0.71161556,-0.5428491,0.5982638,-0.8721712,-0.7826999,-0.6722693,-0.7044733,-1.0232582,-0.9701375,-0.78825,-0.72269255,-0.9372453,-0.91017485,-0.9039076,-0.7940377,-1.0132928
-0.88508177,0.7314953,1.6881614,0.5605936,0.15300104,-1.1560394,-0.885583,-0.9202268,-1.1055591,-0.8092595,-1.0577207,-1.5579801,-1.0428652,-1.2478209,-1.2621261,-0.48364395,-1.1776993,-1.1612692,-1.552147,-0.81536776
-0.83081895,0.79929745,1.0059538,0.41458407,-0.27365616,-0.54250497,-0.020562358,-0.9365586,-1.0914595,-0.7243408,-0.9804017,-1.3776456,-1.0964768,-0.92114955,-0.9191913,-0.68529534,-0.8711514,-1.0291709,-1.0919943,-1.0023737
-0.11637733,0.61747676,1.6750854,-0.58496946,-0.54628116,-0.5739584,-0.5563839,-0.74673486,-0.8484585,-0.54601765,-0.65846235,-1.0286154,-0.7018057,-0.8284357,-0.845634,-0.78485143,-0.9234277,-0.78266585,-0.7893386,-0.8877484
-0.20534113,0.89823455,0.12527266,-0.33313867,-0.5983342,-0.8225676,-0.26377356,-0.7593946,-0.82201755,-0.63672066,-0.72014785,-0.9626583,-0.7555551,-0.8476539,-0.78062713,-0.48711276,-0.79671526,-0.83558786,-0.7876363,-0.78113896